22 tests et 50 min de calcul par instance sur les premières instances 
doublons supprimés



[59, 68, 14, 17, 23, 25, 28, 8, 108, 116, 123, 130, 131]        93
[59, 68, 14, 17, 23, 28, 8, 25, 108, 116, 123, 130, 131]        92
---------------------------------------------------------
[53, 58, 33, 41, 3, 7, 30, 45, 108, 111, 112, 119, 124]         69
[53, 58, 3, 33, 41, 7, 30, 45, 108, 111, 112, 119, 124]         69
[3, 53, 58, 33, 41, 7, 30, 45, 108, 111, 112, 119, 124]         69
---------------------------------------------------------
[19, 66, 68, 39, 51, 16, 32, 38, 102, 104, 107, 117, 121]       105
[66, 68, 19, 39, 51, 16, 32, 38, 102, 104, 107, 117, 121]       105
---------------------------------------------------------
[14, 22, 34, 48, 1, 12, 17, 26, 113, 120, 122, 126, 132, 142]   65
[14, 22, 34, 48, 17, 26, 1, 12, 113, 120, 122, 134, 142]        65
[14, 22, 34, 48, 17, 26, 1, 12, 113, 120, 122, 132, 142]        65
[14, 17, 22, 34, 48, 1, 12, 26, 113, 120, 122, 126, 134, 142]   65
[14, 17, 22, 26, 34, 48, 1, 12, 113, 120, 122, 126, 134, 142]   65
[14, 22, 34, 48, 17, 26, 1, 12, 106, 113, 120, 122, 126]        65
[14, 17, 22, 34, 48, 1, 12, 26, 113, 120, 122, 126, 132, 142]   65
[14, 17, 22, 26, 34, 48, 1, 12, 113, 120, 122, 126, 132, 142]   65
[14, 34, 48, 17, 22, 26, 1, 12, 106, 113, 120, 122, 126]        65
[14, 34, 48, 17, 22, 26, 1, 12, 113, 120, 122, 132, 142]        65
---------------------------------------------------------
[23, 43, 46, 55, 14, 27, 39, 42, 101, 124, 125, 137, 139, 140]  99
[13, 23, 43, 55, 14, 27, 39, 42, 101, 104, 121, 127, 137, 140]  98
[23, 43, 46, 55, 14, 27, 39, 42, 104, 107, 121, 124, 137, 139]  97
[13, 23, 43, 55, 14, 39, 27, 42, 101, 107, 124, 137, 139]       97
[13, 14, 23, 43, 55, 27, 39, 42, 101, 124, 125, 127, 137, 139]  96
[55, 23, 43, 6, 14, 27, 39, 42, 101, 121, 124, 137, 139]        96
[23, 46, 43, 55, 14, 27, 39, 42, 101, 124, 137, 139, 140]       96
[23, 43, 42, 46, 55, 14, 27, 39, 101, 104, 124, 137, 140]       96
[13, 23, 43, 46, 27, 39, 42, 55, 104, 121, 127, 137, 139, 140]  95
[13, 23, 43, 46, 27, 55, 39, 42, 101, 125, 127, 137, 140]       94
[13, 23, 43, 46, 14, 27, 39, 42, 101, 104, 107, 127, 137, 140]  94
[23, 43, 55, 27, 46, 14, 39, 42, 101, 107, 124, 137, 139]       94
[13, 23, 43, 14, 27, 39, 42, 55, 101, 104, 124, 137, 139, 140]  94
[3, 23, 43, 55, 14, 27, 39, 42, 101, 107, 121, 124, 137, 140]   93
[13, 23, 43, 46, 42, 8, 27, 39, 101, 104, 127, 137, 140]        93
[13, 23, 42, 43, 55, 14, 27, 39, 101, 104, 121, 124, 137, 139]  93
[13, 23, 43, 46, 14, 39, 27, 42, 101, 104, 124, 137, 140]       93
[13, 23, 43, 55, 14, 42, 27, 39, 104, 107, 124, 137, 139]       93
[13, 43, 23, 39, 27, 42, 46, 55, 101, 124, 137, 139, 140]       93
[13, 23, 43, 42, 46, 14, 27, 39, 101, 124, 125, 137, 139]       93
[13, 14, 23, 43, 46, 39, 42, 27, 101, 124, 127, 137, 139]       92
---------------------------------------------------------
[18, 44, 60, 1, 23, 39, 8, 22, 120, 131, 132, 143, 145]         116
[18, 23, 44, 60, 8, 22, 28, 29, 110, 120, 128, 131, 132, 143]   115
[23, 44, 60, 8, 18, 21, 22, 39, 104, 106, 130, 131, 143, 145]   113
[23, 18, 22, 44, 60, 21, 29, 39, 103, 110, 120, 127, 143]       113
[23, 24, 60, 18, 21, 22, 28, 39, 103, 105, 117, 132, 143, 145]  112
[23, 44, 18, 60, 8, 24, 29, 39, 103, 104, 128, 132, 143]        112
[18, 21, 23, 44, 8, 22, 39, 60, 108, 123, 127, 131, 143, 145]   111
[18, 21, 23, 29, 60, 1, 8, 22, 104, 122, 130, 132, 143, 145]    109
[18, 23, 44, 22, 60, 24, 39, 8, 127, 132, 143, 145]             109
[18, 23, 8, 22, 44, 60, 24, 39, 108, 127, 131, 143, 145]        109
[21, 23, 60, 62, 18, 22, 29, 39, 117, 127, 128, 131, 132, 143]  109
[23, 18, 21, 24, 60, 22, 29, 39, 104, 122, 127, 132, 143]       108
[23, 60, 18, 62, 22, 24, 29, 39, 103, 104, 105, 130, 132]       108
[23, 60, 18, 44, 21, 22, 28, 39, 103, 105, 122, 132, 143]       107
[23, 44, 18, 60, 22, 28, 39, 62, 108, 120, 132, 143, 145]       107
[23, 18, 44, 60, 21, 1, 22, 39, 103, 120, 132, 143]             106
[18, 44, 60, 23, 24, 28, 22, 39, 103, 108, 120, 132, 143]       106
[23, 39, 44, 62, 18, 22, 24, 29, 104, 105, 128, 132, 143, 145]  105
[18, 21, 24, 28, 29, 39, 22, 60, 103, 108, 120, 122, 123, 143]  105
[23, 39, 18, 60, 8, 24, 28, 29, 103, 120, 127, 132, 143]        104
[23, 18, 21, 44, 39, 60, 22, 28, 103, 108, 122, 143]            104
[44, 60, 23, 24, 29, 18, 22, 39, 103, 104, 127, 132, 143]       103
---------------------------------------------------------
[47, 56, 44, 66, 17, 39, 60, 16, 101, 122, 127, 135]            108
[14, 27, 56, 60, 66, 39, 17, 34, 101, 102, 122, 127, 135]       107
[34, 56, 60, 66, 17, 39, 16, 27, 101, 102, 122, 127, 135]       107
[60, 66, 17, 52, 59, 39, 16, 34, 101, 102, 122, 127]            107
[56, 52, 60, 66, 17, 39, 16, 34, 101, 102, 122, 127]            107
[47, 52, 66, 17, 60, 34, 39, 16, 101, 102, 122, 127]            106
[52, 56, 60, 66, 17, 27, 39, 16, 101, 102, 122, 127, 135]       105
[44, 56, 66, 34, 39, 60, 17, 16, 101, 122, 127, 135]            105
[52, 59, 66, 39, 60, 17, 34, 16, 101, 102, 122, 127]            105
[27, 44, 56, 60, 66, 17, 34, 39, 101, 102, 117, 122, 127, 140]  104
[44, 66, 39, 47, 56, 60, 17, 34, 101, 122, 127, 135, 140]       104
[52, 66, 59, 60, 17, 34, 39, 16, 101, 117, 122, 127]            104
[44, 56, 66, 17, 39, 60, 27, 16, 101, 122, 127, 135]            103
[59, 60, 47, 66, 39, 16, 17, 34, 101, 102, 122, 127]            103
[44, 47, 66, 17, 39, 60, 27, 34, 101, 117, 122, 127, 135]       103
[44, 47, 60, 66, 17, 39, 59, 34, 101, 102, 122, 127, 135]       103
[47, 52, 56, 66, 39, 60, 17, 34, 101, 117, 122, 127, 140]       103
[59, 66, 17, 34, 47, 39, 60, 16, 101, 122, 127, 135]            103
[34, 52, 60, 66, 16, 17, 39, 8, 101, 117, 122, 127, 135]        103
[52, 59, 66, 16, 39, 60, 17, 34, 101, 122, 127, 135, 140]       102
[44, 52, 34, 60, 66, 17, 39, 8, 101, 102, 122, 127]             100
[14, 47, 60, 66, 39, 56, 17, 34, 101, 102, 122, 127, 135]       98
